/*
 * Copyright 2022 Xilinx, Inc.
 *
 * Licensed under the Apache License, Version 2.0 (the "License");
 * you may not use this file except in compliance with the License.
 * You may obtain a copy of the License at
 *
 *     http://www.apache.org/licenses/LICENSE-2.0
 *
 * Unless required by applicable law or agreed to in writing, software
 * distributed under the License is distributed on an "AS IS" BASIS,
 * WITHOUT WARRANTIES OR CONDITIONS OF ANY KIND, either express or implied.
 * See the License for the specific language governing permissions and
 * limitations under the License.
 */

#ifndef HLS_LOSSY_ENC_COMPUTE_HPP
#define HLS_LOSSY_ENC_COMPUTE_HPP

#include <stdint.h>
#include <hls_stream.h>
#include "hls_math.h"
#include "stddef.h"
#include "stdint.h"

typedef ap_fixed<38, 24> ca_x_t;
typedef ap_fixed<38, 24> cb_x_t;
typedef ap_fixed<38, 18> ca_b_t;
typedef ap_fixed<38, 21> cb_b_t;

enum Type {
    // Regular block size DCT
    DCT = 0,
    // Encode pixels without transforming
    IDENTITY = 1,
    // Use 2-by-2 DCT
    DCT2X2 = 2,
    // Use 4-by-4 DCT
    DCT4X4 = 3,
    // Use 16-by-16 DCT
    DCT16X16 = 4,
    // Use 32-by-32 DCT
    DCT32X32 = 5
};

template <typename T>
T DivCeil(T a, size_t b) {
    return (a + b - 1) / b; // 8
}

template <typename I, typename F>
inline F bitsToF(I in) {
    union {
        I __I;
        F __F;
    } __T;
    __T.__I = in;
    return __T.__F;
}

template <typename F, typename I>
inline I fToBits(F in) {
    union {
        I __I;
        F __F;
    } __T;
    __T.__F = in;
    return __T.__I;
}

template <typename MType, typename DType>
union cast;

template <typename DT>
union cast<DT, int8_t> {
    DT f;
    int8_t i;
};

template <typename DT>
union cast<DT, int32_t> {
    DT f;
    int32_t i;
};

template <typename DT>
union cast<DT, uint32_t> {
    DT f;
    uint32_t i;
};

template <typename DT>
union cast<DT, int64_t> {
    DT f;
    int64_t i;
};

const int PIXEL_W = 2048;
const int PIXEL_H = 2048;
const int FRAME_DIM = 3;
const int ALL_PIXEL = PIXEL_W * PIXEL_H * FRAME_DIM;
const int BLOCK8_W = PIXEL_W / 8;
const int BLOCK8_H = PIXEL_H / 8;
const int BLOCK8_NUM = BLOCK8_W * BLOCK8_H * FRAME_DIM;
const int TILE_W = PIXEL_W / 64;
const int TILE_H = PIXEL_H / 64;
const int MAX_ORDER = 320 * 3 + 1;
const int MAX_NUM_CONFIG = 32;

const size_t kBlockDim = 8;
const size_t kColorTileDim = 64;
const size_t kDCTBlockSize = 64;
const size_t kEncTileDimInBlocks = 8;
const int kGlobalScaleDenom = 1 << 16;
const size_t kColorTileDimInBlocks = 8; // kColorTileDim / kBlockDim
const int global_scale = 4587;          // global_scale_(global_scale)
const float global_scale_float = global_scale * (1.0 / kGlobalScaleDenom);
const float inv_global_scale = 1.0 * kGlobalScaleDenom / global_scale;

static const uint8_t kDefaultColorFactor = 84;
static float color_scale = 1.0f / (uint32_t)kDefaultColorFactor;
static const float kYToBRatio = 1.0f;
static float base_correlation_x = 0.0f;
static float base_correlation_b = kYToBRatio;

static const float kDefaultQuantBias[4] = {
    1.0f - 0.05465007330715401f, 1.0f - 0.07005449891748593f, 1.0f - 0.049935103337343655f, 0.145f,
};

const float qmx8x8[64] = {0,
                          3150,
                          3139.258544921875,
                          2648.63037109375,
                          2234.68115234375,
                          1885.427490234375,
                          1590.758056640625,
                          1342.1417236328125,
                          3150,
                          3150,
                          3015.8095703125,
                          2576.583984375,
                          2188.4150390625,
                          1853.965576171875,
                          1568.5406494140625,
                          1326.029296875,
                          3139.258544921875,
                          3015.8095703125,
                          2726.995361328125,
                          2389.616455078125,
                          2062.382568359375,
                          1765.966552734375,
                          1505.3934326171875,
                          1279.74853515625,
                          2648.63037109375,
                          2576.583984375,
                          2389.616455078125,
                          2144.407470703125,
                          1885.427490234375,
                          1637.12109375,
                          1410.3748779296875,
                          1208.7896728515625,
                          2234.68115234375,
                          2188.4150390625,
                          2062.382568359375,
                          1885.427490234375,
                          1686.2821044921875,
                          1485.4266357421875,
                          1294.8450927734375,
                          1060.5933837890625,
                          1885.427490234375,
                          1853.965576171875,
                          1765.966552734375,
                          1637.12109375,
                          1485.4266357421875,
                          1326.029296875,
                          1169.4920654296875,
                          785.9630126953125,
                          1590.758056640625,
                          1568.5406494140625,
                          1505.3934326171875,
                          1410.3748779296875,
                          1294.8450927734375,
                          1169.4920654296875,
                          838.70172119140625,
                          558.03729248046875,
                          1342.1417236328125,
                          1326.029296875,
                          1279.74853515625,
                          1208.7896728515625,
                          1060.5933837890625,
                          785.9630126953125,
                          558.03729248046875,
                          382.654693603515625};
const float qmb8x8[64] = {0,
                          293.959503173828125,
                          169.4699554443359375,
                          119.41248321533203125,
                          85.33333587646484375,
                          85.33333587646484375,
                          83.5508270263671875,
                          58.871856689453125,
                          293.959503173828125,
                          233.598114013671875,
                          156.02716064453125,
                          112.8175048828125,
                          85.33333587646484375,
                          85.33333587646484375,
                          81.16471099853515625,
                          57.425174713134765625,
                          169.4699554443359375,
                          156.02716064453125,
                          126.80493927001953125,
                          96.60062408447265625,
                          85.33333587646484375,
                          85.33333587646484375,
                          74.5768890380859375,
                          53.37267303466796875,
                          119.41248321533203125,
                          112.8175048828125,
                          96.60062408447265625,
                          85.33333587646484375,
                          85.33333587646484375,
                          85.33333587646484375,
                          65.20384979248046875,
                          47.455181121826171875,
                          85.33333587646484375,
                          85.33333587646484375,
                          85.33333587646484375,
                          85.33333587646484375,
                          85.33333587646484375,
                          72.55352020263671875,
                          54.6778106689453125,
                          39.419506072998046875,
                          85.33333587646484375,
                          85.33333587646484375,
                          85.33333587646484375,
                          85.33333587646484375,
                          72.55352020263671875,
                          57.425174713134765625,
                          44.331756591796875,
                          29.2122058868408203125,
                          83.5508270263671875,
                          81.16471099853515625,
                          74.5768890380859375,
                          65.20384979248046875,
                          54.6778106689453125,
                          44.331756591796875,
                          31.1723690032958984375,
                          20.7407989501953125,
                          58.871856689453125,
                          57.425174713134765625,
                          53.37267303466796875,
                          47.455181121826171875,
                          39.419506072998046875,
                          29.2122058868408203125,
                          20.7407989501953125,
                          14.22228240966796875};
const float qmx16x16[256] = {0,
                             0,
                             5616.41552734375,
                             4437.5478515625,
                             3710.523681640625,
                             3312.083740234375,
                             2956.42822265625,
                             2638.9638671875,
                             2378.979736328125,
                             2146.23095703125,
                             1936.2532958984375,
                             1722.1861572265625,
                             1498.605712890625,
                             1304.0516357421875,
                             1134.7548828125,
                             951.88201904296875,
                             0,
                             0,
                             5312.58251953125,
                             4271.09716796875,
                             3658.995849609375,
                             3275.037109375,
                             2928.763916015625,
                             2617.745361328125,
                             2363.779541015625,
                             2134.027099609375,
                             1926.335693359375,
                             1711.357177734375,
                             1489.962646484375,
                             1297.1055908203125,
                             1129.140380859375,
                             946.136962890625,
                             5616.41552734375,
                             5312.58251953125,
                             4620.5927734375,
                             3880.564697265625,
                             3516.761474609375,
                             3170.294189453125,
                             2849.415283203125,
                             2562.00634765625,
                             2319.431640625,
                             2098.26171875,
                             1897.1728515625,
                             1679.534423828125,
                             1464.5052490234375,
                             1276.60888671875,
                             1112.54638671875,
                             929.18414306640625,
                             4437.5478515625,
                             4271.09716796875,
                             3880.564697265625,
                             3609.647705078125,
                             3312.083740234375,
                             3013.74951171875,
                             2727.90283203125,
                             2474.977294921875,
                             2249.396484375,
                             2041.3057861328125,
                             1850.436279296875,
                             1628.6099853515625,
                             1423.5849609375,
                             1243.5428466796875,
                             1077.57275390625,
                             901.83697509765625,
                             3710.523681640625,
                             3658.995849609375,
                             3516.761474609375,
                             3312.083740234375,
                             3073.944580078125,
                             2824.097412109375,
                             2580.273681640625,
                             2363.779541015625,
                             2158.580810546875,
                             1966.6195068359375,
                             1778.0765380859375,
                             1561.4259033203125,
                             1369.259765625,
                             1199.417236328125,
                             1031.115478515625,
                             865.35723876953125,
                             3312.083740234375,
                             3275.037109375,
                             3170.294189453125,
                             3013.74951171875,
                             2824.097412109375,
                             2617.7451171875,
                             2425.913330078125,
                             2235.929931640625,
                             2052.44384765625,
                             1878.2061767578125,
                             1679.534423828125,
                             1481.3988037109375,
                             1304.0516357421875,
                             1146.111572265625,
                             975.34478759765625,
                             821.329833984375,
                             2956.42822265625,
                             2928.763916015625,
                             2849.415283203125,
                             2727.90283203125,
                             2580.273681640625,
                             2425.913330078125,
                             2263.03759765625,
                             2098.26171875,
                             1936.2532958984375,
                             1766.65966796875,
                             1570.745849609375,
                             1392.13525390625,
                             1230.6845703125,
                             1077.57275390625,
                             912.64251708984375,
                             771.521240234375,
                             2638.9638671875,
                             2617.745361328125,
                             2562.00634765625,
                             2474.977294921875,
                             2363.779541015625,
                             2235.929931640625,
                             2098.26171875,
                             1956.3931884765625,
                             1813.078369140625,
                             1628.6099853515625,
                             1456.1728515625,
                             1297.1055908203125,
                             1151.8544921875,
                             993.46435546875,
                             845.40533447265625,
                             717.73773193359375,
                             2378.979736328125,
                             2363.779541015625,
                             2319.431640625,
                             2249.396484375,
                             2158.580810546875,
                             2052.44384765625,
                             1936.2532958984375,
                             1813.078369140625,
                             1648.672119140625,
                             1489.962646484375,
                             1339.6640625,
                             1199.41748046875,
                             1057.3155517578125,
                             907.21795654296875,
                             775.87847900390625,
                             661.70928955078125,
                             2146.23095703125,
                             2134.027099609375,
                             2098.26171875,
                             2041.3057861328125,
                             1966.6195068359375,
                             1878.2061767578125,
                             1766.65966796875,
                             1628.6099853515625,
                             1489.962646484375,
                             1354.3355712890625,
                             1224.331787109375,
                             1098.37109375,
                             951.88201904296875,
                             821.329833984375,
                             706.04150390625,
                             604.9959716796875,
                             1936.2532958984375,
                             1926.335693359375,
                             1897.1728515625,
                             1850.436279296875,
                             1778.0765380859375,
                             1679.534423828125,
                             1570.745849609375,
                             1456.1728515625,
                             1339.6640625,
                             1224.331787109375,
                             1112.546142578125,
                             975.344482421875,
                             850.33416748046875,
                             737.81219482421875,
                             637.54150390625,
                             531.86663818359375,
                             1722.1861572265625,
                             1711.357177734375,
                             1679.534423828125,
                             1628.6099853515625,
                             1561.4259033203125,
                             1481.3988037109375,
                             1392.13525390625,
                             1297.1055908203125,
                             1199.41748046875,
                             1098.37109375,
                             975.344482421875,
                             860.30999755859375,
                             754.41485595703125,
                             658.18359375,
                             565.16876220703125,
                             455.065155029296875,
                             1498.605712890625,
                             1489.962646484375,
                             1464.5052490234375,
                             1423.5849609375,
                             1369.259765625,
                             1304.0516357421875,
                             1230.6845703125,
                             1151.8544921875,
                             1057.3155517578125,
                             951.88201904296875,
                             850.33416748046875,
                             754.41485595703125,
                             665.2603759765625,
                             582.76104736328125,
                             475.56475830078125,
                             385.666412353515625,
                             1304.0516357421875,
                             1297.1055908203125,
                             1276.60888671875,
                             1243.5428466796875,
                             1199.417236328125,
                             1146.111572265625,
                             1077.57275390625,
                             993.46435546875,
                             907.21795654296875,
                             821.329833984375,
                             737.81219482421875,
                             658.18359375,
                             582.76104736328125,
                             482.643035888671875,
                             396.77593994140625,
                             324.0394287109375,
                             1134.7548828125,
                             1129.140380859375,
                             1112.54638671875,
                             1077.57275390625,
                             1031.115478515625,
                             975.34478759765625,
                             912.64251708984375,
                             845.40533447265625,
                             775.87847900390625,
                             706.04150390625,
                             637.54150390625,
                             565.16876220703125,
                             475.56475830078125,
                             396.77593994140625,
                             328.516326904296875,
                             270.136077880859375,
                             951.88201904296875,
                             946.136962890625,
                             929.18414306640625,
                             901.83697509765625,
                             865.35723876953125,
                             821.329833984375,
                             771.521240234375,
                             717.73773193359375,
                             661.70928955078125,
                             604.9959716796875,
                             531.86663818359375,
                             455.065155029296875,
                             385.666412353515625,
                             324.0394287109375,
                             270.136077880859375,
                             223.608489990234375};
const float qmb16x16[256] = {0,
                             0,
                             615.61383056640625,
                             448.953399658203125,
                             337.930267333984375,
                             263.80755615234375,
                             205.943115234375,
                             160.7708892822265625,
                             141.832733154296875,
                             126.30164337158203125,
                             112.47124481201171875,
                             100.76338958740234375,
                             91.12081146240234375,
                             82.40099334716796875,
                             74.5156097412109375,
                             58.896236419677734375,
                             0,
                             0,
                             571.40203857421875,
                             426.5322265625,
                             327.784393310546875,
                             257.417816162109375,
                             201.76556396484375,
                             157.9664306640625,
                             140.8123321533203125,
                             125.4929656982421875,
                             111.822540283203125,
                             100.30467987060546875,
                             90.7403564453125,
                             82.08327484130859375,
                             74.2487335205078125,
                             58.3933258056640625,
                             615.61383056640625,
                             571.40203857421875,
                             473.94189453125,
                             372.602783203125,
                             300.644775390625,
                             239.809600830078125,
                             190.039825439453125,
                             154.1826629638671875,
                             137.8400421142578125,
                             123.12636566162109375,
                             109.9174652099609375,
                             98.95200347900390625,
                             89.61621856689453125,
                             81.14296722412109375,
                             73.45781707763671875,
                             56.916744232177734375,
                             448.953399658203125,
                             426.5322265625,
                             372.602783203125,
                             318.224456787109375,
                             263.80755615234375,
                             214.746795654296875,
                             172.8172607421875,
                             148.2958526611328125,
                             133.160797119140625,
                             119.3681488037109375,
                             106.87210845947265625,
                             96.77252197265625,
                             87.79785919189453125,
                             79.6171722412109375,
                             70.20831298828125,
                             54.558437347412109375,
                             337.930267333984375,
                             327.784393310546875,
                             300.644775390625,
                             263.80755615234375,
                             224.2069549560546875,
                             186.3783111572265625,
                             155.42156982421875,
                             140.8123321533203125,
                             127.12058258056640625,
                             114.4600982666015625,
                             103.11833953857421875,
                             93.86804962158203125,
                             85.36130523681640625,
                             77.5634307861328125,
                             65.95937347412109375,
                             51.458751678466796875,
                             263.80755615234375,
                             257.417816162109375,
                             239.809600830078125,
                             214.746795654296875,
                             186.3783111572265625,
                             157.966400146484375,
                             144.9885406494140625,
                             132.263153076171875,
                             120.10205078125,
                             108.6804351806640625,
                             98.95200347900390625,
                             90.36280059814453125,
                             82.40099334716796875,
                             75.0543060302734375,
                             60.963199615478515625,
                             47.78974151611328125,
                             205.943115234375,
                             201.76556396484375,
                             190.039825439453125,
                             172.8172607421875,
                             155.42156982421875,
                             144.9885406494140625,
                             134.070770263671875,
                             123.12636566162109375,
                             112.47124481201171875,
                             102.63896942138671875,
                             94.27301025390625,
                             86.3905029296875,
                             79.02082061767578125,
                             70.20831298828125,
                             55.486751556396484375,
                             43.7368011474609375,
                             160.7708892822265625,
                             157.9664306640625,
                             154.1826629638671875,
                             148.2958526611328125,
                             140.8123321533203125,
                             132.263153076171875,
                             123.12636566162109375,
                             113.789886474609375,
                             104.58271026611328125,
                             96.77252197265625,
                             89.247100830078125,
                             82.08327484130859375,
                             75.3261566162109375,
                             62.573711395263671875,
                             49.786182403564453125,
                             39.48137664794921875,
                             141.832733154296875,
                             140.8123321533203125,
                             137.8400421142578125,
                             133.160797119140625,
                             127.12058258056640625,
                             120.10205078125,
                             112.47124481201171875,
                             104.58271026611328125,
                             97.63336944580078125,
                             90.7403564453125,
                             84.02266693115234375,
                             77.563446044921875,
                             68.3460235595703125,
                             55.02014923095703125,
                             44.087116241455078125,
                             35.18759918212890625,
                             126.30164337158203125,
                             125.4929656982421875,
                             123.12636566162109375,
                             119.3681488037109375,
                             114.4600982666015625,
                             108.6804351806640625,
                             102.63896942138671875,
                             96.77252197265625,
                             90.7403564453125,
                             84.68727874755859375,
                             78.725555419921875,
                             72.135589599609375,
                             58.896236419677734375,
                             47.78974151611328125,
                             38.57308197021484375,
                             30.9930629730224609375,
                             112.47124481201171875,
                             111.822540283203125,
                             109.9174652099609375,
                             106.87210845947265625,
                             103.11833953857421875,
                             98.95200347900390625,
                             94.27301025390625,
                             89.247100830078125,
                             84.02266693115234375,
                             78.725555419921875,
                             73.4578094482421875,
                             60.96317291259765625,
                             50.197849273681640625,
                             41.054691314697265625,
                             33.38103485107421875,
                             24.7806758880615234375,
                             100.76338958740234375,
                             100.30467987060546875,
                             98.95200347900390625,
                             96.77252197265625,
                             93.86804962158203125,
                             90.36280059814453125,
                             86.3905029296875,
                             82.08327484130859375,
                             77.563446044921875,
                             72.135589599609375,
                             60.96317291259765625,
                             51.034107208251953125,
                             42.369472503662109375,
                             34.922313690185546875,
                             27.726070404052734375,
                             18.572216033935546875,
                             91.12081146240234375,
                             90.7403564453125,
                             89.61621856689453125,
                             87.79785919189453125,
                             85.36130523681640625,
                             82.40099334716796875,
                             79.02082061767578125,
                             75.3261566162109375,
                             68.3460235595703125,
                             58.896236419677734375,
                             50.197849273681640625,
                             42.369472503662109375,
                             35.455394744873046875,
                             29.34313201904296875,
                             20.1489048004150390625,
                             13.67640781402587890625,
                             82.40099334716796875,
                             82.08327484130859375,
                             81.14296722412109375,
                             79.6171722412109375,
                             77.5634307861328125,
                             75.0543060302734375,
                             70.20831298828125,
                             62.573711395263671875,
                             55.02014923095703125,
                             47.78974151611328125,
                             41.054691314697265625,
                             34.922313690185546875,
                             29.34313201904296875,
                             20.706996917724609375,
                             14.41384983062744140625,
                             9.911548614501953125,
                             74.5156097412109375,
                             74.2487335205078125,
                             73.45781707763671875,
                             70.20831298828125,
                             65.95937347412109375,
                             60.963199615478515625,
                             55.486751556396484375,
                             49.786182403564453125,
                             44.087116241455078125,
                             38.57308197021484375,
                             33.38103485107421875,
                             27.726070404052734375,
                             20.1489048004150390625,
                             14.41384983062744140625,
                             10.16626739501953125,
                             7.0798015594482421875,
                             58.896236419677734375,
                             58.3933258056640625,
                             56.916744232177734375,
                             54.558437347412109375,
                             51.458751678466796875,
                             47.78974151611328125,
                             43.7368011474609375,
                             39.48137664794921875,
                             35.18759918212890625,
                             30.9930629730224609375,
                             24.7806758880615234375,
                             18.572216033935546875,
                             13.67640781402587890625,
                             9.911548614501953125,
                             7.0798015594482421875,
                             4.99121952056884765625};
const float qmx32x32[1024] = {0,
                              0,
                              0,
                              0,
                              10016.1787109375,
                              8949.0185546875,
                              7995.55859375,
                              7162.60107421875,
                              6422.4755859375,
                              5758.8291015625,
                              5163.75830078125,
                              4630.1767578125,
                              4151.732421875,
                              3734.188232421875,
                              3370.10986328125,
                              3041.52880859375,
                              2744.98388671875,
                              2477.35107421875,
                              2235.813232421875,
                              2038.7496337890625,
                              1932.1097412109375,
                              1831.0474853515625,
                              1735.2716064453125,
                              1644.505615234375,
                              1558.4873046875,
                              1476.968017578125,
                              1386.82666015625,
                              1301.5286865234375,
                              1221.4771728515625,
                              1146.34912109375,
                              1075.8421630859375,
                              1009.6715087890625,
                              0,
                              0,
                              0,
                              0,
                              9878.224609375,
                              8849.744140625,
                              7921.35595703125,
                              7107.29541015625,
                              6379.01171875,
                              5724.1455078125,
                              5135.74365234375,
                              4607.32568359375,
                              4132.939453125,
                              3719.505126953125,
                              3357.800537109375,
                              3031.1572265625,
                              2736.20654296875,
                              2469.894287109375,
                              2229.455810546875,
                              2035.871337890625,
                              1929.51806640625,
                              1828.7081298828125,
                              1733.1553955078125,
                              1642.5870361328125,
                              1556.7445068359375,
                              1475.38232421875,
                              1385.1351318359375,
                              1300,
                              1220.09375,
                              1145.095703125,
                              1074.7049560546875,
                              1008.638671875,
                              0,
                              0,
                              0,
                              0,
                              9497.3408203125,
                              8569.009765625,
                              7710.1953125,
                              6947.08251953125,
                              6252.30078125,
                              5622.568359375,
                              5053.4169921875,
                              4539.9931640625,
                              4077.45068359375,
                              3676.055419921875,
                              3321.326416015625,
                              3000.390625,
                              2710.1435546875,
                              2447.7333984375,
                              2210.550537109375,
                              2027.2841796875,
                              1921.7830810546875,
                              1821.7237548828125,
                              1726.834716796875,
                              1636.8553466796875,
                              1551.537353515625,
                              1470.240966796875,
                              1380.0811767578125,
                              1295.431396484375,
                              1215.958251953125,
                              1141.3475341796875,
                              1071.3038330078125,
                              1005.5491943359375,
                              0,
                              0,
                              0,
                              0,
                              8949.0185546875,
                              8149.28955078125,
                              7394.22412109375,
                              6697.34423828125,
                              6052.48828125,
                              5461.01953125,
                              4921.63427734375,
                              4431.66796875,
                              3987.818603515625,
                              3605.5732421875,
                              3262.003173828125,
                              2950.239990234375,
                              2667.58154296875,
                              2411.486328125,
                              2179.5849609375,
                              2013.1302490234375,
                              1909.0233154296875,
                              1810.194091796875,
                              1716.393798828125,
                              1627.38232421875,
                              1542.9271240234375,
                              1460.985595703125,
                              1371.7230224609375,
                              1287.8731689453125,
                              1209.1142578125,
                              1135.1424560546875,
                              1065.6719970703125,
                              1000.4320068359375,
